10100101101110011000;10,111,00,10,010,00
00011000101001010011110001100000110101110100011011111110010000010001111111110;000011,010,01010,10,111111,1101,00,01,111,000
110011100011100110100110100011010110110100100100000110001010011101111011000001;010,00,01010,000000,01,0111
111101011011011011101111101110111001001110100010111011111010000111101011110100;0001,01000,00111,000011,011,00
0000110110001001101001110111110100011010001110100000110100110000001111110;10,10110,1111,11100,0101,0000,00110,001000
0000110001110011001110011100000100100001010111010011010010000101101101;100100,011,110101,011,11,01,011001,0111
0000000101111111101100101010101000111010100101110001101010111001001011110000;11000,100000,010,1111,010,10,01,011,000,01
1001100111111111001010111100000100011111110010111100001011000000000011;10,110010,111110,01111,011,10000,010,00,111001,000
1111000101000010010010111110101011011110100000001001110010111110101;110110,0101,000110,111,10,011010
1010000101000111111011100001000001101011011000000101100011101001011010001;010110,11010,0100,11,11,011,110101,110
01010001110001001110100101011001111101110010100001011010000101001011110;111,1010,1010,111000,0100,0101
11000000011111001111010011101001010001101000101010001001001010001001000101;001100,110,01,0001,010,0110,0011,010110
011111101110001001111100110101110110111110000111000110101100111100;010111,00110,011101,100,100,01111,001100,011,000,0111
01100101111011010110100011110101010011001000000001011100010000100100101001;011000,10000,00000,11010,1111,001001,00,000100
111011000100000111110011001101101000010111001110111101111001001101101;010,0001,1101,11,001,110011,001,0100,101100,11
1111100001011010011100100110000011000110110000110111100101111010111111011;010001,11100,10,100111,0110,110,001110,10100,111,11000
010110011110111110100110100101011101111001001101100000000101110110010111;1111,0101,00,11010,10,000111
0000100101001000101001110000001110011010011100100110001001110000110011011100;10,101,01011,11,011,00011,01,01000,101,111
111001110110010010100101010001010110111110011001010100001100000011100010;01011,111011,111110,10001,00010,1010,10111,001010,1101,10
01111011011111001111111111100111100110010101101010100010101100010010;01,10,110,10101,010000,01100,00111,110010,001,01
101010011011001110010101011001000111000111101100000001101111100010111;11100,000101,000011,100,100,01101,0111,10101